1.000000 0.001000
1.001000 0.002000
1.002000 0.003000
1.003000 0.004000
1.004000 0.005000
1.005000 0.006000
1.006000 0.007000
1.007000 0.008000
1.008000 0.009000
1.009000 0.010000
1.010000 0.011000
1.011001 0.012000
1.012001 0.013000
1.013001 0.014000
1.014001 0.015000
1.015001 0.016000
1.016001 0.017000
1.017001 0.018000
1.018001 0.019000
1.019001 0.020000
1.020001 0.021000
1.021001 0.022000
1.022001 0.023000
1.023001 0.024000
1.024001 0.025000
1.025001 0.026000
1.026001 0.027000
1.027001 0.028000
1.028001 0.029000
1.029001 0.030000
1.030001 0.031000
1.031001 0.032000
1.032001 0.033000
1.033002 0.034000
1.034002 0.035000
1.035002 0.036000
1.036002 0.037000
1.037002 0.038000
1.038002 0.039000
1.039002 0.040000
1.040002 0.041000
1.041002 0.042000
1.042002 0.043000
1.043002 0.044000
1.044002 0.045000
1.045002 0.046000
1.046002 0.047000
1.047002 0.048000
1.048002 0.049000
1.049002 0.050000
1.050002 0.051000
1.051002 0.052000
1.052002 0.053000
1.053002 0.054000
1.054003 0.055000
1.055003 0.056000
1.056003 0.057000
1.057003 0.058000
1.058003 0.059000
1.059003 0.060000
1.060003 0.061000
1.061003 0.062000
1.062003 0.063000
1.063003 0.064000
1.064003 0.065000
1.065003 0.066000
1.066003 0.067000
1.067003 0.068000
1.068003 0.069000
1.069003 0.070000
1.070003 0.071000
1.071003 0.072000
1.072003 0.073000
1.073003 0.074000
1.074003 0.075000
1.075004 0.076000
1.076004 0.077000
1.077004 0.078000
1.078004 0.079000
1.079004 0.080000
1.080004 0.081000
1.081004 0.082000
1.082004 0.083000
1.083004 0.084000
1.084004 0.085000
1.085004 0.086000
1.086004 0.087000
1.087004 0.088000
1.088004 0.089000
1.089004 0.090000
1.090004 0.091000
1.091004 0.092000
1.092004 0.093000
1.093004 0.094000
1.094004 0.095000
1.095004 0.096000
1.096004 0.097000
1.097005 0.098000
1.098005 0.099000
1.099005 0.100000
1.100005 0.101000
1.101005 0.102000
1.102005 0.103000
1.103005 0.104000
1.104005 0.105000
1.105005 0.106000
1.106005 0.107000
1.107005 0.108000
1.108005 0.109000
1.109005 0.110000
1.110005 0.111000
1.111005 0.112000
1.112005 0.113000
1.113005 0.114000
1.114005 0.115000
1.115005 0.116000
1.116005 0.117000
1.117005 0.118000
1.118006 0.119000
1.119006 0.120000
1.120006 0.121000
1.121006 0.122000
1.122006 0.123000
1.123006 0.124000
1.124006 0.125000
1.125006 0.126000
1.126006 0.127000
1.127006 0.128000
1.128006 0.129000
1.129006 0.130000
1.130006 0.131000
1.131006 0.132000
1.132006 0.133000
1.133006 0.134000
1.134006 0.135000
1.135006 0.136000
1.136006 0.137000
1.137006 0.138000
1.138006 0.139000
1.139006 0.140000
1.140007 0.141000
1.141007 0.142000
1.142007 0.143000
1.143007 0.144000
1.144007 0.145000
1.145007 0.146000
1.146007 0.147000
1.147007 0.148000
1.148007 0.149000
1.149007 0.150000
1.150007 0.151000
1.151007 0.152000
1.152007 0.153000
1.153007 0.154000
1.154007 0.155000
1.155007 0.156000
1.156007 0.157000
1.157007 0.158000
1.158007 0.159000
1.159007 0.160000
1.160007 0.161000
1.161008 0.162000
1.162008 0.163000
1.163008 0.164000
1.164008 0.165000
1.165008 0.166000
1.166008 0.167000
1.167008 0.168000
1.168008 0.169000
1.169008 0.170000
1.170008 0.171000
1.171008 0.172000
1.172008 0.173000
1.173008 0.174000
1.174008 0.175000
1.175008 0.176000
1.176008 0.177000
1.177008 0.178000
1.178008 0.179000
1.179008 0.180000
1.180008 0.181000
1.181008 0.182000
1.182009 0.183000
1.183009 0.184000
1.184009 0.185000
1.185009 0.186000
1.186009 0.187000
1.187009 0.188000
1.188009 0.189000
1.189009 0.190000
1.190009 0.191000
1.191009 0.192000
1.192009 0.193000
1.193009 0.194000
1.194009 0.195000
1.195009 0.196000
1.196009 0.197000
1.197009 0.198000
1.198009 0.199000
1.199009 0.200000
1.200009 0.201000
1.201009 0.202000
1.202009 0.203000
1.203009 0.204000
1.204010 0.205000
1.205010 0.206000
1.206010 0.207000
1.207010 0.208000
1.208010 0.209000
1.209010 0.210000
1.210010 0.211000
1.211010 0.212000
1.212010 0.213000
1.213010 0.214000
1.214010 0.215000
1.215010 0.216000
1.216010 0.217000
1.217010 0.218000
1.218010 0.219000
1.219010 0.220000
1.220010 0.221000
1.221010 0.222000
1.222010 0.223000
1.223010 0.224000
1.224010 0.225000
1.225011 0.226000
1.226011 0.227000
1.227011 0.228000
1.228011 0.229000
1.229011 0.230000
1.230011 0.231000
1.231011 0.232000
1.232011 0.233000
1.233011 0.234000
1.234011 0.235000
1.235011 0.236000
1.236011 0.237000
1.237011 0.238000
1.238011 0.239000
1.239011 0.240000
1.240011 0.241000
1.241011 0.242000
1.242011 0.243000
1.243011 0.244000
1.244011 0.245000
1.245011 0.246000
1.246011 0.247000
1.247012 0.248000
1.248012 0.249000
1.249012 0.250000
1.250012 0.251000
1.251012 0.252000
1.252012 0.253000
1.253012 0.254000
1.254012 0.255000
1.255012 0.256000
1.256012 0.257000
1.257012 0.258000
1.258012 0.259000
1.259012 0.260000
1.260012 0.261000
1.261012 0.262000
1.262012 0.263000
1.263012 0.264000
1.264012 0.265000
1.265012 0.266000
1.266012 0.267000
1.267012 0.268000
1.268013 0.269000
1.269013 0.270000
1.270013 0.271000
1.271013 0.272000
1.272013 0.273000
1.273013 0.274000
1.274013 0.275000
1.275013 0.276000
1.276013 0.277000
1.277013 0.278000
1.278013 0.279000
1.279013 0.280000
1.280013 0.281000
1.281013 0.282000
1.282013 0.283000
1.283013 0.284000
1.284013 0.285000
1.285013 0.286000
1.286013 0.287000
1.287013 0.288000
1.288013 0.289000
1.289014 0.290000
1.290014 0.291000
1.291014 0.292000
1.292014 0.293000
1.293014 0.294000
1.294014 0.295000
1.295014 0.296000
1.296014 0.297000
1.297014 0.298000
1.298014 0.299000
1.299014 0.300000
1.300014 0.301000
1.301014 0.302000
1.302014 0.303000
1.303014 0.304000
1.304014 0.305000
1.305014 0.306000
1.306014 0.307000
1.307014 0.308000
1.308014 0.309000
1.309014 0.310000
1.310014 0.311000
1.311015 0.312000
1.312015 0.313000
1.313015 0.314000
1.314015 0.314999
1.315015 0.315999
1.316015 0.316999
1.317015 0.317999
1.318015 0.318999
1.319015 0.319999
1.320015 0.320999
1.321015 0.321999
1.322015 0.322999
1.323015 0.323999
1.324015 0.324999
1.325015 0.325999
1.326015 0.326999
1.327015 0.327999
1.328015 0.328999
1.329015 0.329999
1.330015 0.330999
1.331015 0.331999
1.332016 0.332999
1.333016 0.333999
1.334016 0.334999
1.335016 0.335999
1.336016 0.336999
1.337016 0.337999
1.338016 0.338999
1.339016 0.339999
1.340016 0.340999
1.341016 0.341999
1.342016 0.342999
1.343016 0.343999
1.344016 0.344999
1.345016 0.345999
1.346016 0.346999
1.347016 0.347999
1.348016 0.348999
1.349016 0.349999
1.350016 0.350999
1.351016 0.351999
1.352016 0.352999
1.353016 0.353999
1.354017 0.354999
1.355017 0.355999
1.356017 0.356999
1.357017 0.357999
1.358017 0.358999
1.359017 0.359999
1.360017 0.360999
1.361017 0.361999
1.362017 0.362999
1.363017 0.363999
1.364017 0.364999
1.365017 0.365999
1.366017 0.366999
1.367017 0.367999
1.368017 0.368999
1.369017 0.369999
1.370017 0.370999
1.371017 0.371999
1.372017 0.372999
1.373017 0.373999
1.374017 0.374999
1.375018 0.375999
1.376018 0.376999
1.377018 0.377999
1.378018 0.378999
1.379018 0.379999
1.380018 0.380999
1.381018 0.381999
1.382018 0.382999
1.383018 0.383999
1.384018 0.384999
1.385018 0.385999
1.386018 0.386999
1.387018 0.387999
1.388018 0.388999
1.389018 0.389999
1.390018 0.390999
1.391018 0.391998
1.392018 0.392998
1.393018 0.393998
1.394018 0.394998
1.395018 0.395998
1.396019 0.396998
1.397019 0.397998
1.398019 0.398998
1.399019 0.399998
1.400019 0.400998
1.401019 0.401998
1.402019 0.402998
1.403019 0.403998
1.404019 0.404998
1.405019 0.405998
1.406019 0.406998
1.407019 0.407998
1.408019 0.408998
1.409019 0.409998
1.410019 0.410998
1.411019 0.411998
1.412019 0.412998
1.413019 0.413998
1.414019 0.414998
1.415019 0.415998
1.416019 0.416998
1.417019 0.417998
1.418020 0.418998
1.419020 0.419998
1.420020 0.420998
1.421020 0.421998
1.422020 0.422998
1.423020 0.423998
1.424020 0.424998
1.425020 0.425998
1.426020 0.426998
1.427020 0.427998
1.428020 0.428998
1.429020 0.429998
1.430020 0.430998
1.431020 0.431998
1.432020 0.432998
1.433020 0.433998
1.434020 0.434998
1.435020 0.435998
1.436020 0.436998
1.437020 0.437998
1.438020 0.438998
1.439021 0.439998
1.440021 0.440998
1.441021 0.441998
1.442021 0.442998
1.443021 0.443998
1.444021 0.444998
1.445021 0.445998
1.446021 0.446998
1.447021 0.447998
1.448021 0.448998
1.449021 0.449998
1.450021 0.450998
1.451021 0.451998
1.452021 0.452998
1.453021 0.453998
1.454021 0.454998
1.455021 0.455998
1.456021 0.456998
1.457021 0.457998
1.458021 0.458998
1.459021 0.459998
1.460021 0.460998
1.461022 0.461998
1.462022 0.462998
1.463022 0.463998
1.464022 0.464998
1.465022 0.465998
1.466022 0.466998
1.467022 0.467998
1.468022 0.468998
1.469022 0.469997
1.470022 0.470997
1.471022 0.471997
1.472022 0.472997
1.473022 0.473997
1.474022 0.474997
1.475022 0.475997
1.476022 0.476997
1.477022 0.477997
1.478022 0.478997
1.479022 0.479997
1.480022 0.480997
1.481022 0.481997
1.482023 0.482997
1.483023 0.483997
1.484023 0.484997
1.485023 0.485997
1.486023 0.486997
1.487023 0.487997
1.488023 0.488997
1.489023 0.489997
1.490023 0.490997
1.491023 0.491997
1.492023 0.492997
1.493023 0.493997
1.494023 0.494997
1.495023 0.495997
1.496023 0.496997
1.497023 0.497997
1.498023 0.498997
1.499023 0.499997
1.500023 0.500997
1.501023 0.501997
1.502023 0.502997
1.503024 0.503997
1.504024 0.504997
1.505024 0.505997
1.506024 0.506997
1.507024 0.507997
1.508024 0.508997
1.509024 0.509997
1.510024 0.510997
1.511024 0.511997
1.512024 0.512997
1.513024 0.513997
1.514024 0.514997
1.515024 0.515997
1.516024 0.516997
1.517024 0.517997
1.518024 0.518997
1.519024 0.519997
1.520024 0.520997
1.521024 0.521997
1.522024 0.522997
1.523024 0.523997
1.524024 0.524997
1.525025 0.525997
1.526025 0.526997
1.527025 0.527997
1.528025 0.528997
1.529025 0.529997
1.530025 0.530997
1.531025 0.531997
1.532025 0.532997
1.533025 0.533997
1.534025 0.534997
1.535025 0.535997
1.536025 0.536997
1.537025 0.537997
1.538025 0.538997
1.539025 0.539997
1.540025 0.540997
1.541025 0.541997
1.542025 0.542997
1.543025 0.543997
1.544025 0.544997
1.545025 0.545997
1.546026 0.546997
1.547026 0.547997
1.548026 0.548997
1.549026 0.549996
1.550026 0.550996
1.551026 0.551996
1.552026 0.552996
1.553026 0.553996
1.554026 0.554996
1.555026 0.555996
1.556026 0.556996
1.557026 0.557996
1.558026 0.558996
1.559026 0.559996
1.560026 0.560996
1.561026 0.561996
1.562026 0.562996
1.563026 0.563996
1.564026 0.564996
1.565026 0.565996
1.566026 0.566996
1.567026 0.567996
1.568027 0.568996
1.569027 0.569996
1.570027 0.570996
1.571027 0.571996
1.572027 0.572996
1.573027 0.573996
1.574027 0.574996
1.575027 0.575996
1.576027 0.576996
1.577027 0.577996
1.578027 0.578996
1.579027 0.579996
1.580027 0.580996
1.581027 0.581996
1.582027 0.582996
1.583027 0.583996
1.584027 0.584996
1.585027 0.585996
1.586027 0.586996
1.587027 0.587996
1.588027 0.588996
1.589028 0.589996
1.590028 0.590996
1.591028 0.591996
1.592028 0.592996
1.593028 0.593996
1.594028 0.594996
1.595028 0.595996
1.596028 0.596996
1.597028 0.597996
1.598028 0.598996
1.599028 0.599996
1.600028 0.600996
1.601028 0.601996
1.602028 0.602996
1.603028 0.603996
1.604028 0.604996
1.605028 0.605996
1.606028 0.606996
1.607028 0.607996
1.608028 0.608996
1.609028 0.609996
1.610029 0.610996
1.611029 0.611996
1.612029 0.612996
1.613029 0.613996
1.614029 0.614996
1.615029 0.615996
1.616029 0.616996
1.617029 0.617996
1.618029 0.618996
1.619029 0.619996
1.620029 0.620996
1.621029 0.621996
1.622029 0.622996
1.623029 0.623996
1.624029 0.624996
1.625029 0.625996
1.626029 0.626996
1.627029 0.627995
1.628029 0.628995
1.629029 0.629995
1.630029 0.630995
1.631029 0.631995
1.632030 0.632995
1.633030 0.633995
1.634030 0.634995
1.635030 0.635995
1.636030 0.636995
1.637030 0.637995
1.638030 0.638995
1.639030 0.639995
1.640030 0.640995
1.641030 0.641995
1.642030 0.642995
1.643030 0.643995
1.644030 0.644995
1.645030 0.645995
1.646030 0.646995
1.647030 0.647995
1.648030 0.648995
1.649030 0.649995
1.650030 0.650995
1.651030 0.651995
1.652030 0.652995
1.653031 0.653995
1.654031 0.654995
1.655031 0.655995
1.656031 0.656995
1.657031 0.657995
1.658031 0.658995
1.659031 0.659995
1.660031 0.660995
1.661031 0.661995
1.662031 0.662995
1.663031 0.663995
1.664031 0.664995
1.665031 0.665995
1.666031 0.666995
1.667031 0.667995
1.668031 0.668995
1.669031 0.669995
1.670031 0.670995
1.671031 0.671995
1.672031 0.672995
1.673031 0.673995
1.674031 0.674995
1.675032 0.675995
1.676032 0.676995
1.677032 0.677995
1.678032 0.678995
1.679032 0.679995
1.680032 0.680995
1.681032 0.681995
1.682032 0.682995
1.683032 0.683995
1.684032 0.684995
1.685032 0.685995
1.686032 0.686995
1.687032 0.687995
1.688032 0.688995
1.689032 0.689995
1.690032 0.690995
1.691032 0.691995
1.692032 0.692995
1.693032 0.693995
1.694032 0.694995
1.695032 0.695995
1.696033 0.696995
1.697033 0.697995
1.698033 0.698995
1.699033 0.699995
1.700033 0.700995
1.701033 0.701995
1.702033 0.702995
1.703033 0.703995
1.704033 0.704994
1.705033 0.705994
1.706033 0.706994
1.707033 0.707994
1.708033 0.708994
1.709033 0.709994
1.710033 0.710994
1.711033 0.711994
1.712033 0.712994
1.713033 0.713994
1.714033 0.714994
1.715033 0.715994
1.716033 0.716994
1.717034 0.717994
1.718034 0.718994
1.719034 0.719994
1.720034 0.720994
1.721034 0.721994
1.722034 0.722994
1.723034 0.723994
1.724034 0.724994
1.725034 0.725994
1.726034 0.726994
1.727034 0.727994
1.728034 0.728994
1.729034 0.729994
1.730034 0.730994
1.731034 0.731994
1.732034 0.732994
1.733034 0.733994
1.734034 0.734994
1.735034 0.735994
1.736034 0.736994
1.737034 0.737994
1.738034 0.738994
1.739035 0.739994
1.740035 0.740994
1.741035 0.741994
1.742035 0.742994
1.743035 0.743994
1.744035 0.744994
1.745035 0.745994
1.746035 0.746994
1.747035 0.747994
1.748035 0.748994
1.749035 0.749994
1.750035 0.750994
1.751035 0.751994
1.752035 0.752994
1.753035 0.753994
1.754035 0.754994
1.755035 0.755994
1.756035 0.756994
1.757035 0.757994
1.758035 0.758994
1.759035 0.759994
1.760036 0.760994
1.761036 0.761994
1.762036 0.762994
1.763036 0.763994
1.764036 0.764994
1.765036 0.765994
1.766036 0.766994
1.767036 0.767994
1.768036 0.768994
1.769036 0.769994
1.770036 0.770994
1.771036 0.771994
1.772036 0.772994
1.773036 0.773994
1.774036 0.774994
1.775036 0.775994
1.776036 0.776994
1.777036 0.777994
1.778036 0.778994
1.779036 0.779994
1.780036 0.780994
1.781036 0.781994
1.782037 0.782993
1.783037 0.783993
1.784037 0.784993
1.785037 0.785993
1.786037 0.786993
1.787037 0.787993
1.788037 0.788993
1.789037 0.789993
1.790037 0.790993
1.791037 0.791993
1.792037 0.792993
1.793037 0.793993
1.794037 0.794993
1.795037 0.795993
1.796037 0.796993
1.797037 0.797993
1.798037 0.798993
1.799037 0.799993
1.800037 0.800993
1.801037 0.801993
1.802037 0.802993
1.803038 0.803993
1.804038 0.804993
1.805038 0.805993
1.806038 0.806993
1.807038 0.807993
1.808038 0.808993
1.809038 0.809993
1.810038 0.810993
1.811038 0.811993
1.812038 0.812993
1.813038 0.813993
1.814038 0.814993
1.815038 0.815993
1.816038 0.816993
1.817038 0.817993
1.818038 0.818993
1.819038 0.819993
1.820038 0.820993
1.821038 0.821993
1.822038 0.822993
1.823038 0.823993
1.824039 0.824993
1.825039 0.825993
1.826039 0.826993
1.827039 0.827993
1.828039 0.828993
1.829039 0.829993
1.830039 0.830993
1.831039 0.831993
1.832039 0.832993
1.833039 0.833993
1.834039 0.834993
1.835039 0.835993
1.836039 0.836993
1.837039 0.837993
1.838039 0.838993
1.839039 0.839993
1.840039 0.840993
1.841039 0.841993
1.842039 0.842993
1.843039 0.843993
1.844039 0.844993
1.845039 0.845993
1.846040 0.846993
1.847040 0.847993
1.848040 0.848993
1.849040 0.849993
1.850040 0.850993
1.851040 0.851993
1.852040 0.852993
1.853040 0.853993
1.854040 0.854993
1.855040 0.855993
1.856040 0.856993
1.857040 0.857993
1.858040 0.858993
1.859040 0.859993
1.860040 0.860992
1.861040 0.861992
1.862040 0.862992
1.863040 0.863992
1.864040 0.864992
1.865040 0.865992
1.866040 0.866992
1.867041 0.867992
1.868041 0.868992
1.869041 0.869992
1.870041 0.870992
1.871041 0.871992
1.872041 0.872992
1.873041 0.873992
1.874041 0.874992
1.875041 0.875992
1.876041 0.876992
1.877041 0.877992
1.878041 0.878992
1.879041 0.879992
1.880041 0.880992
1.881041 0.881992
1.882041 0.882992
1.883041 0.883992
1.884041 0.884992
1.885041 0.885992
1.886041 0.886992
1.887041 0.887992
1.888041 0.888992
1.889042 0.889992
1.890042 0.890992
1.891042 0.891992
1.892042 0.892992
1.893042 0.893992
1.894042 0.894992
1.895042 0.895992
1.896042 0.896992
1.897042 0.897992
1.898042 0.898992
1.899042 0.899992
1.900042 0.900992
1.901042 0.901992
1.902042 0.902992
1.903042 0.903992
1.904042 0.904992
1.905042 0.905992
1.906042 0.906992
1.907042 0.907992
1.908042 0.908992
1.909042 0.909992
1.910043 0.910992
1.911043 0.911992
1.912043 0.912992
1.913043 0.913992
1.914043 0.914992
1.915043 0.915992
1.916043 0.916992
1.917043 0.917992
1.918043 0.918992
1.919043 0.919992
1.920043 0.920992
1.921043 0.921992
1.922043 0.922992
1.923043 0.923992
1.924043 0.924992
1.925043 0.925992
1.926043 0.926992
1.927043 0.927992
1.928043 0.928992
1.929043 0.929992
1.930043 0.930992
1.931044 0.931992
1.932044 0.932992
1.933044 0.933992
1.934044 0.934992
1.935044 0.935992
1.936044 0.936992
1.937044 0.937991
1.938044 0.938991
1.939044 0.939991
1.940044 0.940991
1.941044 0.941991
1.942044 0.942991
1.943044 0.943991
1.944044 0.944991
1.945044 0.945991
1.946044 0.946991
1.947044 0.947991
1.948044 0.948991
1.949044 0.949991
1.950044 0.950991
1.951044 0.951991
1.952044 0.952991
1.953045 0.953991
1.954045 0.954991
1.955045 0.955991
1.956045 0.956991
1.957045 0.957991
1.958045 0.958991
1.959045 0.959991
1.960045 0.960991
1.961045 0.961991
1.962045 0.962991
1.963045 0.963991
1.964045 0.964991
1.965045 0.965991
1.966045 0.966991
1.967045 0.967991
1.968045 0.968991
1.969045 0.969991
1.970045 0.970991
1.971045 0.971991
1.972045 0.972991
1.973045 0.973991
1.974046 0.974991
1.975046 0.975991
1.976046 0.976991
1.977046 0.977991
1.978046 0.978991
1.979046 0.979991
1.980046 0.980991
1.981046 0.981991
1.982046 0.982991
1.983046 0.983991
1.984046 0.984991
1.985046 0.985991
1.986046 0.986991
1.987046 0.987991
1.988046 0.988991
1.989046 0.989991
1.990046 0.990991
1.991046 0.991991
1.992046 0.992991
1.993046 0.993991
1.994046 0.994991
1.995046 0.995991
1.996047 0.996991
1.997047 0.997991
1.998047 0.998991
1.999047 0.999991
2.000047 1.000991
2.001047 1.001991
2.002047 1.002991
2.003047 1.003991
2.004046 1.004991
2.005046 1.005991
2.006046 1.006991
2.007046 1.007991
2.008046 1.008991
2.009046 1.009991
2.010046 1.010991
2.011046 1.011991
2.012046 1.012991
2.013046 1.013991
2.014046 1.014991
2.015046 1.015991
2.016046 1.016991
2.017045 1.017992
2.018045 1.018992
2.019045 1.019992
2.020045 1.020992
2.021045 1.021992
2.022045 1.022992
2.023045 1.023992
2.024045 1.024992
2.025045 1.025992
2.026045 1.026992
2.027045 1.027992
2.028045 1.028992
2.029045 1.029992
2.030045 1.030992
2.031044 1.031992
2.032044 1.032992
2.033044 1.033992
2.034044 1.034992
2.035044 1.035992
2.036044 1.036992
2.037044 1.037992
2.038044 1.038993
2.039044 1.039993
2.040044 1.040993
2.041044 1.041993
2.042044 1.042993
2.043044 1.043993
2.044044 1.044993
2.045043 1.045993
2.046043 1.046993
2.047043 1.047993
2.048043 1.048993
2.049043 1.049993
2.050043 1.050993
2.051043 1.051993
2.052043 1.052993
2.053043 1.053993
2.054043 1.054993
2.055043 1.055993
2.056043 1.056993
2.057043 1.057993
2.058043 1.058993
2.059042 1.059994
2.060042 1.060994
2.061042 1.061994
2.062042 1.062994
2.063042 1.063994
2.064042 1.064994
2.065042 1.065994
2.066042 1.066994
2.067042 1.067994
2.068042 1.068994
2.069042 1.069994
2.070042 1.070994
2.071042 1.071994
2.072042 1.072994
2.073041 1.073994
2.074041 1.074994
2.075041 1.075994
2.076041 1.076994
2.077041 1.077994
2.078041 1.078994
2.079041 1.079994
2.080041 1.080994
2.081041 1.081995
2.082041 1.082995
2.083041 1.083995
2.084041 1.084995
2.085041 1.085995
2.086040 1.086995
2.087040 1.087995
2.088040 1.088995
2.089040 1.089995
2.090040 1.090995
2.091040 1.091995
2.092040 1.092995
2.093040 1.093995
2.094040 1.094995
2.095040 1.095995
2.096040 1.096995
2.097040 1.097995
2.098040 1.098995
2.099040 1.099995
2.100039 1.100995
2.101039 1.101995
2.102039 1.102996
2.103039 1.103996
2.104039 1.104996
2.105039 1.105996
2.106039 1.106996
2.107039 1.107996
2.108039 1.108996
2.109039 1.109996
2.110039 1.110996
2.111039 1.111996
2.112039 1.112996
2.113039 1.113996
2.114038 1.114996
2.115038 1.115996
2.116038 1.116996
2.117038 1.117996
2.118038 1.118996
2.119038 1.119996
2.120038 1.120996
2.121038 1.121996
2.122038 1.122996
2.123038 1.123996
2.124038 1.124997
2.125038 1.125997
2.126038 1.126997
2.127038 1.127997
2.128037 1.128997
2.129037 1.129997
2.130037 1.130997
2.131037 1.131997
2.132037 1.132997
2.133037 1.133997
2.134037 1.134997
2.135037 1.135997
2.136037 1.136997
2.137037 1.137997
2.138037 1.138997
2.139037 1.139997
2.140037 1.140997
2.141037 1.141997
2.142036 1.142997
2.143036 1.143997
2.144036 1.144997
2.145036 1.145998
2.146036 1.146998
2.147036 1.147998
2.148036 1.148998
2.149036 1.149998
2.150036 1.150998
2.151036 1.151998
2.152036 1.152998
2.153036 1.153998
2.154036 1.154998
2.155035 1.155998
2.156035 1.156998
2.157035 1.157998
2.158035 1.158998
2.159035 1.159998
2.160035 1.160998
2.161035 1.161998
2.162035 1.162998
2.163035 1.163998
2.164035 1.164998
2.165035 1.165998
2.166035 1.166999
2.167035 1.167999
2.168035 1.168999
2.169034 1.169999
2.170034 1.170999
2.171034 1.171999
2.172034 1.172999
2.173034 1.173999
2.174034 1.174999
2.175034 1.175999
2.176034 1.176999
2.177034 1.177999
2.178034 1.178999
2.179034 1.179999
2.180034 1.180999
2.181034 1.181999
2.182034 1.182999
2.183033 1.183999
2.184033 1.184999
2.185033 1.185999
2.186033 1.186999
2.187033 1.187999
2.188033 1.189000
2.189033 1.190000
2.190033 1.191000
2.191033 1.192000
2.192033 1.193000
2.193033 1.194000
2.194033 1.195000
2.195033 1.196000
2.196033 1.197000
2.197032 1.198000
2.198032 1.199000
2.199032 1.200000
2.200032 1.201000
2.201032 1.202000
2.202032 1.203000
2.203032 1.204000
2.204032 1.205000
2.205032 1.206000
2.206032 1.207000
2.207032 1.208000
2.208032 1.209000
2.209032 1.210001
2.210032 1.211001
2.211031 1.212001
2.212031 1.213001
2.213031 1.214001
2.214031 1.215001
2.215031 1.216001
2.216031 1.217001
2.217031 1.218001
2.218031 1.219001
2.219031 1.220001
2.220031 1.221001
2.221031 1.222001
2.222031 1.223001
2.223031 1.224001
2.224030 1.225001
2.225030 1.226001
2.226030 1.227001
2.227030 1.228001
2.228030 1.229001
2.229030 1.230001
2.230030 1.231001
2.231030 1.232002
2.232030 1.233002
2.233030 1.234002
2.234030 1.235002
2.235030 1.236002
2.236030 1.237002
2.237030 1.238002
2.238029 1.239002
2.239029 1.240002
2.240029 1.241002
2.241029 1.242002
2.242029 1.243002
2.243029 1.244002
2.244029 1.245002
2.245029 1.246002
2.246029 1.247002
2.247029 1.248002
2.248029 1.249002
2.249029 1.250002
2.250029 1.251002
2.251029 1.252002
2.252028 1.253003
2.253028 1.254003
2.254028 1.255003
2.255028 1.256003
2.256028 1.257003
2.257028 1.258003
2.258028 1.259003
2.259028 1.260003
2.260028 1.261003
2.261028 1.262003
2.262028 1.263003
2.263028 1.264003
2.264028 1.265003
2.265028 1.266003
2.266027 1.267003
2.267027 1.268003
2.268027 1.269003
2.269027 1.270003
2.270027 1.271003
2.271027 1.272003
2.272027 1.273003
2.273027 1.274004
2.274027 1.275004
2.275027 1.276004
2.276027 1.277004
2.277027 1.278004
2.278027 1.279004
2.279027 1.280004
2.280026 1.281004
2.281026 1.282004
2.282026 1.283004
2.283026 1.284004
2.284026 1.285004
2.285026 1.286004
2.286026 1.287004
2.287026 1.288004
2.288026 1.289004
2.289026 1.290004
2.290026 1.291004
2.291026 1.292004
2.292026 1.293004
2.293025 1.294004
2.294025 1.295004
2.295025 1.296005
2.296025 1.297005
2.297025 1.298005
2.298025 1.299005
2.299025 1.300005
2.300025 1.301005
2.301025 1.302005
2.302025 1.303005
2.303025 1.304005
2.304025 1.305005
2.305025 1.306005
2.306025 1.307005
2.307024 1.308005
2.308024 1.309005
2.309024 1.310005
2.310024 1.311005
2.311024 1.312005
2.312024 1.313005
2.313024 1.314005
2.314024 1.315005
2.315024 1.316005
2.316024 1.317006
2.317024 1.318006
2.318024 1.319006
2.319024 1.320006
2.320024 1.321006
2.321023 1.322006
2.322023 1.323006
2.323023 1.324006
2.324023 1.325006
2.325023 1.326006
2.326023 1.327006
2.327023 1.328006
2.328023 1.329006
2.329023 1.330006
2.330023 1.331006
2.331023 1.332006
2.332023 1.333006
2.333023 1.334006
2.334023 1.335006
2.335022 1.336006
2.336022 1.337006
2.337022 1.338006
2.338022 1.339007
2.339022 1.340007
2.340022 1.341007
2.341022 1.342007
2.342022 1.343007
2.343022 1.344007
2.344022 1.345007
2.345022 1.346007
2.346022 1.347007
2.347022 1.348007
2.348022 1.349007
2.349021 1.350007
2.350021 1.351007
2.351021 1.352007
2.352021 1.353007
2.353021 1.354007
2.354021 1.355007
2.355021 1.356007
2.356021 1.357007
2.357021 1.358007
2.358021 1.359007
2.359021 1.360008
2.360021 1.361008
2.361021 1.362008
2.362020 1.363008
2.363020 1.364008
2.364020 1.365008
2.365020 1.366008
2.366020 1.367008
2.367020 1.368008
2.368020 1.369008
2.369020 1.370008
2.370020 1.371008
2.371020 1.372008
2.372020 1.373008
2.373020 1.374008
2.374020 1.375008
2.375020 1.376008
2.376019 1.377008
2.377019 1.378008
2.378019 1.379008
2.379019 1.380008
2.380019 1.381009
2.381019 1.382009
2.382019 1.383009
2.383019 1.384009
2.384019 1.385009
2.385019 1.386009
2.386019 1.387009
2.387019 1.388009
2.388019 1.389009
2.389019 1.390009
2.390018 1.391009
2.391018 1.392009
2.392018 1.393009
2.393018 1.394009
2.394018 1.395009
2.395018 1.396009
2.396018 1.397009
2.397018 1.398009
2.398018 1.399009
2.399018 1.400009
2.400018 1.401009
2.401018 1.402009
2.402018 1.403010
2.403018 1.404010
2.404017 1.405010
2.405017 1.406010
2.406017 1.407010
2.407017 1.408010
2.408017 1.409010
2.409017 1.410010
2.410017 1.411010
2.411017 1.412010
2.412017 1.413010
2.413017 1.414010
2.414017 1.415010
2.415017 1.416010
2.416017 1.417010
2.417017 1.418010
2.418016 1.419010
2.419016 1.420010
2.420016 1.421010
2.421016 1.422010
2.422016 1.423010
2.423016 1.424011
2.424016 1.425011
2.425016 1.426011
2.426016 1.427011
2.427016 1.428011
2.428016 1.429011
2.429016 1.430011
2.430016 1.431011
2.431015 1.432011
2.432015 1.433011
2.433015 1.434011
2.434015 1.435011
2.435015 1.436011
2.436015 1.437011
2.437015 1.438011
2.438015 1.439011
2.439015 1.440011
2.440015 1.441011
2.441015 1.442011
2.442015 1.443011
2.443015 1.444011
2.444015 1.445011
2.445014 1.446012
2.446014 1.447012
2.447014 1.448012
2.448014 1.449012
2.449014 1.450012
2.450014 1.451012
2.451014 1.452012
2.452014 1.453012
2.453014 1.454012
2.454014 1.455012
2.455014 1.456012
2.456014 1.457012
2.457014 1.458012
2.458014 1.459012
2.459013 1.460012
2.460013 1.461012
2.461013 1.462012
2.462013 1.463012
2.463013 1.464012
2.464013 1.465012
2.465013 1.466012
2.466013 1.467013
2.467013 1.468013
2.468013 1.469013
2.469013 1.470013
2.470013 1.471013
2.471013 1.472013
2.472013 1.473013
2.473012 1.474013
2.474012 1.475013
2.475012 1.476013
2.476012 1.477013
2.477012 1.478013
2.478012 1.479013
2.479012 1.480013
2.480012 1.481013
2.481012 1.482013
2.482012 1.483013
2.483012 1.484013
2.484012 1.485013
2.485012 1.486013
2.486012 1.487013
2.487011 1.488014
2.488011 1.489014
2.489011 1.490014
2.490011 1.491014
2.491011 1.492014
2.492011 1.493014
2.493011 1.494014
2.494011 1.495014
2.495011 1.496014
2.496011 1.497014
2.497011 1.498014
2.498011 1.499014
2.499011 1.500014
2.500010 1.501014
2.501010 1.502014
2.502010 1.503014
2.503010 1.504014
2.504010 1.505014
2.505010 1.506014
2.506010 1.507014
2.507010 1.508014
2.508010 1.509014
2.509010 1.510015
2.510010 1.511015
2.511010 1.512015
2.512010 1.513015
2.513010 1.514015
2.514009 1.515015
2.515009 1.516015
2.516009 1.517015
2.517009 1.518015
2.518009 1.519015
2.519009 1.520015
2.520009 1.521015
2.521009 1.522015
2.522009 1.523015
2.523009 1.524015
2.524009 1.525015
2.525009 1.526015
2.526009 1.527015
2.527009 1.528015
2.528008 1.529015
2.529008 1.530015
2.530008 1.531016
2.531008 1.532016
2.532008 1.533016
2.533008 1.534016
2.534008 1.535016
2.535008 1.536016
2.536008 1.537016
2.537008 1.538016
2.538008 1.539016
2.539008 1.540016
2.540008 1.541016
2.541008 1.542016
2.542007 1.543016
2.543007 1.544016
2.544007 1.545016
2.545007 1.546016
2.546007 1.547016
2.547007 1.548016
2.548007 1.549016
2.549007 1.550016
2.550007 1.551016
2.551007 1.552016
2.552007 1.553017
2.553007 1.554017
2.554007 1.555017
2.555007 1.556017
2.556006 1.557017
2.557006 1.558017
2.558006 1.559017
2.559006 1.560017
2.560006 1.561017
2.561006 1.562017
2.562006 1.563017
2.563006 1.564017
2.564006 1.565017
2.565006 1.566017
2.566006 1.567017
2.567006 1.568017
2.568006 1.569017
2.569005 1.570017
2.570005 1.571017
2.571005 1.572017
2.572005 1.573017
2.573005 1.574018
2.574005 1.575018
2.575005 1.576018
2.576005 1.577018
2.577005 1.578018
2.578005 1.579018
2.579005 1.580018
2.580005 1.581018
2.581005 1.582018
2.582005 1.583018
2.583004 1.584018
2.584004 1.585018
2.585004 1.586018
2.586004 1.587018
2.587004 1.588018
2.588004 1.589018
2.589004 1.590018
2.590004 1.591018
2.591004 1.592018
2.592004 1.593018
2.593004 1.594018
2.594004 1.595019
2.595004 1.596019
2.596004 1.597019
2.597003 1.598019
2.598003 1.599019
2.599003 1.600019
2.600003 1.601019
2.601003 1.602019
2.602003 1.603019
2.603003 1.604019
2.604003 1.605019
2.605003 1.606019
2.606003 1.607019
2.607003 1.608019
2.608003 1.609019
2.609003 1.610019
2.610003 1.611019
2.611002 1.612019
2.612002 1.613019
2.613002 1.614019
2.614002 1.615019
2.615002 1.616019
2.616002 1.617020
2.617002 1.618020
2.618002 1.619020
2.619002 1.620020
2.620002 1.621020
2.621002 1.622020
2.622002 1.623020
2.623002 1.624020
2.624002 1.625020
2.625001 1.626020
2.626001 1.627020
2.627001 1.628020
2.628001 1.629020
2.629001 1.630020
2.630001 1.631020
2.631001 1.632020
2.632001 1.633020
2.633001 1.634020
2.634001 1.635020
2.635001 1.636020
2.636001 1.637020
2.637001 1.638021
2.638000 1.639021
2.639000 1.640021
2.640000 1.641021
2.641000 1.642021
2.642000 1.643021
2.643000 1.644021
2.644000 1.645021
2.645000 1.646021
2.646000 1.647021
2.647000 1.648021
2.648000 1.649021
2.649000 1.650021
2.650000 1.651021
2.651000 1.652021
2.651999 1.653021
2.652999 1.654021
2.653999 1.655021
2.654999 1.656021
2.655999 1.657021
2.656999 1.658021
2.657999 1.659021
2.658999 1.660022
2.659999 1.661022
2.660999 1.662022
2.661999 1.663022
2.662999 1.664022
2.663999 1.665022
2.664999 1.666022
2.665998 1.667022
2.666998 1.668022
2.667998 1.669022
2.668998 1.670022
2.669998 1.671022
2.670998 1.672022
2.671998 1.673022
2.672998 1.674022
2.673998 1.675022
2.674998 1.676022
2.675998 1.677022
2.676998 1.678022
2.677998 1.679022
2.678998 1.680022
2.679997 1.681023
2.680997 1.682023
2.681997 1.683023
2.682997 1.684023
2.683997 1.685023
2.684997 1.686023
2.685997 1.687023
2.686997 1.688023
2.687997 1.689023
2.688997 1.690023
2.689997 1.691023
2.690997 1.692023
2.691997 1.693023
2.692997 1.694023
2.693996 1.695023
2.694996 1.696023
2.695996 1.697023
2.696996 1.698023
2.697996 1.699023
2.698996 1.700023
2.699996 1.701023
2.700996 1.702024
2.701996 1.703024
2.702996 1.704024
2.703996 1.705024
2.704996 1.706024
2.705996 1.707024
2.706995 1.708024
2.707995 1.709024
2.708995 1.710024
2.709995 1.711024
2.710995 1.712024
2.711995 1.713024
2.712995 1.714024
2.713995 1.715024
2.714995 1.716024
2.715995 1.717024
2.716995 1.718024
2.717995 1.719024
2.718995 1.720024
2.719995 1.721024
2.720994 1.722024
2.721994 1.723024
2.722994 1.724025
2.723994 1.725025
2.724994 1.726025
2.725994 1.727025
2.726994 1.728025
2.727994 1.729025
2.728994 1.730025
2.729994 1.731025
2.730994 1.732025
2.731994 1.733025
2.732994 1.734025
2.733994 1.735025
2.734993 1.736025
2.735993 1.737025
2.736993 1.738025
2.737993 1.739025
2.738993 1.740025
2.739993 1.741025
2.740993 1.742025
2.741993 1.743025
2.742993 1.744025
2.743993 1.745026
2.744993 1.746026
2.745993 1.747026
2.746993 1.748026
2.747993 1.749026
2.748992 1.750026
2.749992 1.751026
2.750992 1.752026
2.751992 1.753026
2.752992 1.754026
2.753992 1.755026
2.754992 1.756026
2.755992 1.757026
2.756992 1.758026
2.757992 1.759026
2.758992 1.760026
2.759992 1.761026
2.760992 1.762026
2.761992 1.763026
2.762991 1.764026
2.763991 1.765026
2.764991 1.766026
2.765991 1.767027
2.766991 1.768027
2.767991 1.769027
2.768991 1.770027
2.769991 1.771027
2.770991 1.772027
2.771991 1.773027
2.772991 1.774027
2.773991 1.775027
2.774991 1.776027
2.775990 1.777027
2.776990 1.778027
2.777990 1.779027
2.778990 1.780027
2.779990 1.781027
2.780990 1.782027
2.781990 1.783027
2.782990 1.784027
2.783990 1.785027
2.784990 1.786027
2.785990 1.787027
2.786990 1.788028
2.787990 1.789028
2.788990 1.790028
2.789989 1.791028
2.790989 1.792028
2.791989 1.793028
2.792989 1.794028
2.793989 1.795028
2.794989 1.796028
2.795989 1.797028
2.796989 1.798028
2.797989 1.799028
2.798989 1.800028
2.799989 1.801028
2.800989 1.802028
2.801989 1.803028
2.802989 1.804028
2.803988 1.805028
2.804988 1.806028
2.805988 1.807028
2.806988 1.808028
2.807988 1.809029
2.808988 1.810029
2.809988 1.811029
2.810988 1.812029
2.811988 1.813029
2.812988 1.814029
2.813988 1.815029
2.814988 1.816029
2.815988 1.817029
2.816988 1.818029
2.817987 1.819029
2.818987 1.820029
2.819987 1.821029
2.820987 1.822029
2.821987 1.823029
2.822987 1.824029
2.823987 1.825029
2.824987 1.826029
2.825987 1.827029
2.826987 1.828029
2.827987 1.829029
2.828987 1.830029
2.829987 1.831030
2.830986 1.832030
2.831986 1.833030
2.832986 1.834030
2.833986 1.835030
2.834986 1.836030
2.835986 1.837030
2.836986 1.838030
2.837986 1.839030
2.838986 1.840030
2.839986 1.841030
2.840986 1.842030
2.841986 1.843030
2.842986 1.844030
2.843986 1.845030
2.844985 1.846030
2.845985 1.847030
2.846985 1.848030
2.847985 1.849030
2.848985 1.850030
2.849985 1.851030
2.850985 1.852031
2.851985 1.853031
2.852985 1.854031
2.853985 1.855031
2.854985 1.856031
2.855985 1.857031
2.856985 1.858031
2.857985 1.859031
2.858984 1.860031
2.859984 1.861031
2.860984 1.862031
2.861984 1.863031
2.862984 1.864031
2.863984 1.865031
2.864984 1.866031
2.865984 1.867031
2.866984 1.868031
2.867984 1.869031
2.868984 1.870031
2.869984 1.871031
2.870984 1.872031
2.871984 1.873031
2.872983 1.874032
2.873983 1.875032
2.874983 1.876032
2.875983 1.877032
2.876983 1.878032
2.877983 1.879032
2.878983 1.880032
2.879983 1.881032
2.880983 1.882032
2.881983 1.883032
2.882983 1.884032
2.883983 1.885032
2.884983 1.886032
2.885983 1.887032
2.886982 1.888032
2.887982 1.889032
2.888982 1.890032
2.889982 1.891032
2.890982 1.892032
2.891982 1.893032
2.892982 1.894032
2.893982 1.895033
2.894982 1.896033
2.895982 1.897033
2.896982 1.898033
2.897982 1.899033
2.898982 1.900033
2.899981 1.901033
2.900981 1.902033
2.901981 1.903033
2.902981 1.904033
2.903981 1.905033
2.904981 1.906033
2.905981 1.907033
2.906981 1.908033
2.907981 1.909033
2.908981 1.910033
2.909981 1.911033
2.910981 1.912033
2.911981 1.913033
2.912981 1.914033
2.913980 1.915033
2.914980 1.916034
2.915980 1.917034
2.916980 1.918034
2.917980 1.919034
2.918980 1.920034
2.919980 1.921034
2.920980 1.922034
2.921980 1.923034
2.922980 1.924034
2.923980 1.925034
2.924980 1.926034
2.925980 1.927034
2.926980 1.928034
2.927979 1.929034
2.928979 1.930034
2.929979 1.931034
2.930979 1.932034
2.931979 1.933034
2.932979 1.934034
2.933979 1.935034
2.934979 1.936034
2.935979 1.937034
2.936979 1.938035
2.937979 1.939035
2.938979 1.940035
2.939979 1.941035
2.940979 1.942035
2.941978 1.943035
2.942978 1.944035
2.943978 1.945035
2.944978 1.946035
2.945978 1.947035
2.946978 1.948035
2.947978 1.949035
2.948978 1.950035
2.949978 1.951035
2.950978 1.952035
2.951978 1.953035
2.952978 1.954035
2.953978 1.955035
2.954978 1.956035
2.955977 1.957035
2.956977 1.958035
2.957977 1.959036
2.958977 1.960036
2.959977 1.961036
2.960977 1.962036
2.961977 1.963036
2.962977 1.964036
2.963977 1.965036
2.964977 1.966036
2.965977 1.967036
2.966977 1.968036
2.967977 1.969036
2.968976 1.970036
2.969976 1.971036
2.970976 1.972036
2.971976 1.973036
2.972976 1.974036
2.973976 1.975036
2.974976 1.976036
2.975976 1.977036
2.976976 1.978036
2.977976 1.979036
2.978976 1.980036
2.979976 1.981037
2.980976 1.982037
2.981976 1.983037
2.982975 1.984037
2.983975 1.985037
2.984975 1.986037
2.985975 1.987037
2.986975 1.988037
2.987975 1.989037
2.988975 1.990037
2.989975 1.991037
2.990975 1.992037
2.991975 1.993037
2.992975 1.994037
2.993975 1.995037
2.994975 1.996037
2.995975 1.997037
2.996974 1.998037
2.997974 1.999037
2.998974 2.000037
2.999974 2.001037
